011111111111111111110111111111111
011111111110111111111111111111111
001111111111111111110111111111111
111111111111111111111111111111111
000000000000000000000000000000000
111111111111111111111111111111111
011111111111111111111111111011111
111111111111111111111111111111111
011111111111111111111111111111111
100000010000000000000000000000001
001011111111111111111111111111111
111111111111111111111111111111111
100000000100000000000000000000001
011111111111111011111111111111111
100010000000000000000000000000001
000000000000000000000000000000000
001111111110111111111111111111111
011111111101111111111111111111111
111111111111111111111111111111111
011111111111111111111111101111111
011111111111111111111111111101111
011111111111111111101111111111111
011111111111111111111111111111011
111111111111111111111111111111111
111111111111111111111111111111111
000000000000000000000000000000000
011111111111111111111101111111111
001101111111111111111111111111111
011110111111111111111111111111111
001111111101111111111111111111111
011101111111111111111111111111111
011111110111111111111111111111111
001111111111111111111110111111111
011111111111111111011111111111111
011111111111111111111111011111111
001111101111111111111111111111111
111111111111111111111111111111111
100100000000000000000000000000001
000000000000000000000000000000000
000000000000000000000000000000000
111111111111111111111111111111111
100000000000000000000000000010001
111111111111111111111111111111111
000000000000000000000000000000000
000000000000000000000000000000000
111111111111111111111111111111111
100000000000000001000000000000001
100000000000000100000000000000001
111111111111111111111111111111111
100000000000000000100000000000001
100000000000000000010000000000001
100000000000000000000000000000001
111111111111111111111111111111111
000000000000000000000000000000000
000000000000000000000000000000000
001111111111111110111111111111111
100000000000000000000000000000011
100000000000000000000000001000001
000000000000000000000000000000000
100000100000000000000000000000001
001111111111111111111111110111111
111111111111111111111111111111111
000000000000000000000000000000000
001111111111111111111011111111111
000000000000000000000000000000000
100000000000000000000100000000001
111111111111111111111111111111111
001110111111111111111111111111111
111111111111111111111111111111111
001111111111011111111111111111111
000000000000000000000000000000000
100000000001000000000000000000001
100000000000000000000000100000001
100000000000000000001000000000001
111111111111111111111111111111111
111111111111111111111111111111111
000000000000000000000000000000000
000000000000000000000000000000000
000000000000000000000000000000000
111111111111111111111111111111111
111111111111111111111111111111111
111111111111111111111111111111111
000000000000000000000000000000000
110000000000000000000000000000001
000000000000000000000000000000000
011111111111111111111111111111101
000000000000000000000000000000000
001111111111111101111111111111111
111111111111111111111111111111111
111111111111111111111111111111111
001111111111111111111111111011111
001111110111111111111111111111111
011111111111111111111111111110111
100000000000001000000000000000001
000000000000000000000000000000000
011111111011111111111111111111111
111111111111111111111111111111111
001111111111111011111111111111111
000000000000000000000000000000000
111111111111111111111111111111111
011111111111111111111110111111111
011011111111111111111111111111111
001111111111111111101111111111111
111111111111111111111111111111111
011111111111101111111111111111111
001111111011111111111111111111111
000000000000000000000000000000000
000000000000000000000000000000000
111111111111111111111111111111111
000000000000000000000000000000000
001111111111111111111111111101111
000000000000000000000000000000000
011111111111111111111111110111111
001111011111111111111111111111111
010111111111111111111111111111111
100000001000000000000000000000001
100000000000000000000000010000001
111111111111111111111111111111111
011111111111110111111111111111111
000111111111111111111111111111111
000000000000000000000000000000000
100000000000000000000000000000101
111111111111111111111111111111111
001111111111101111111111111111111
011111011111111111111111111111111
111111111111111111111111111111111
011111111111111110111111111111111
001111111111111111011111111111111
001111111111111111111111111110111
001111111111111111111101111111111
101000000000000000000000000000001
000000000000000000000000000000000
001111111111111111111111011111111
000000000000000000000000000000000
100000000000000000000001000000001
001111111111111111111111111111101
001111111111110111111111111111111
000000000000000000000000000000000
100000000000000000000010000000001
000000000000000000000000000000000
100001000000000000000000000000001
000000000000000000000000000000000
011111111111011111111111111111111
100000000000000010000000000000001
100000000010000000000000000000001
001111111111111111111111111111111
011111111111111101111111111111111
001111111111111111111111101111111
100000000000100000000000000000001
000000000000000000000000000000000
111111111111111111111111111111111
111111111111111111111111111111111
100000000000010000000000000000001
011111101111111111111111111111111
100000000000000000000000000100001
011111111111111111111011111111111
001111111111111111111111111111011
111111111111111111111111111111111
100000000000000000000000000000010
000000000000000000000000000000000
100000000000000000000000000001001
000000000000000000000000000000000