11111111111111111111011111111111 00000000000000000000100000000000
11111111111011111111111111111111 00000000000100000000000000000000
10000000000000000000000000000000 00000000000000000001000000000001
00000000000000000000000000011111 00000000000000000000000000100000
01000000000000000000000000000000 01000000000000000000000000000000
00000000000000000000000000000000 00000000000000000000000000000001
11111111111111111111111111101111 00000000000000000000000000010000
00000000001111111111111111111111 00000000010000000000000000000000
11111111111111111111111111111111 00000000000000000000000000000000
00000010000000000000000000000000 11111111111111111111111111111111
10000000000000000000000000000000 00100000000000000000000000000001
00000111111111111111111111111111 00001000000000000000000000000000
00000000100000000000000000000000 11111111111111111111111111111111
11111111111111101111111111111111 00000000000000010000000000000000
00010000000000000000000000000000 11111111111111111111111111111111
00000000000001000000000000000000 00000000000001000000000000000000
10000000000000000000000000000000 00000000001000000000000000000001
11111111110111111111111111111111 00000000001000000000000000000000
00000000000000000011111111111111 00000000000000000100000000000000
11111111111111111111111110111111 00000000000000000000000001000000
11111111111111111111111111110111 00000000000000000000000000001000
11111111111111111110111111111111 00000000000000000001000000000000
11111111111111111111111111111101 00000000000000000000000000000010
00000000011111111111111111111111 00000000100000000000000000000000
00000000000000011111111111111111 00000000000000100000000000000000
10000000000000000000000000000000 10000000000000000000000000000000
11111111111111111111110111111111 00000000000000000000001000000000
10000000000000000000000000000000 00010000000000000000000000000001
11111011111111111111111111111111 00000100000000000000000000000000
10000000000000000000000000000000 00000000010000000000000000000001
11110111111111111111111111111111 00001000000000000000000000000000
11111111011111111111111111111111 00000000100000000000000000000000
10000000000000000000000000000000 00000000000000000000001000000001
11111111111111111101111111111111 00000000000000000010000000000000
11111111111111111111111101111111 00000000000000000000000010000000
10000000000000000000000000000000 00000010000000000000000000000001
00000000000111111111111111111111 00000000001000000000000000000000
00100000000000000000000000000000 11111111111111111111111111111111
00000000000000000000000100000000 00000000000000000000000100000000
00000000000000000000000000001000 00000000000000000000000000001000
00000000000000000000111111111111 00000000000000000001000000000000
00000000000000000000000000010000 11111111111111111111111111111111
10000000000000000000000000000000 10000000000000000000000000000001
00000000000000000000000001000000 00000000000000000000000001000000
00000000000000000000000000010000 00000000000000000000000000010000
00000000000000000000000000000011 00000000000000000000000000000100
00000000000000001000000000000000 11111111111111111111111111111111
00000000000000100000000000000000 11111111111111111111111111111111
00000011111111111111111111111111 00000100000000000000000000000000
00000000000000000100000000000000 11111111111111111111111111111111
00000000000000000010000000000000 11111111111111111111111111111111
00000000000000000000000000000000 11111111111111111111111111111111
00000001111111111111111111111111 00000010000000000000000000000000
00000001000000000000000000000000 00000001000000000000000000000000
00010000000000000000000000000000 00010000000000000000000000000000
10000000000000000000000000000000 00000000000000001000000000000001
00000000000000000000000000000010 11111111111111111111111111111111
00000000000000000000000001000000 11111111111111111111111111111111
00000000000000000000000000000100 00000000000000000000000000000100
00000100000000000000000000000000 11111111111111111111111111111111
10000000000000000000000000000000 00000000000000000000000001000001
00000000111111111111111111111111 00000001000000000000000000000000
00000000000000001000000000000000 00000000000000001000000000000000
10000000000000000000000000000000 00000000000000000000100000000001
00000000000000000000000000100000 00000000000000000000000000100000
00000000000000000000100000000000 11111111111111111111111111111111
00001111111111111111111111111111 00010000000000000000000000000000
10000000000000000000000000000000 00001000000000000000000000000001
00000000000000000000011111111111 00000000000000000000100000000000
10000000000000000000000000000000 00000000000100000000000000000001
00000000000000100000000000000000 00000000000000100000000000000000
00000000001000000000000000000000 11111111111111111111111111111111
00000000000000000000000100000000 11111111111111111111111111111111
00000000000000000001000000000000 11111111111111111111111111111111
01111111111111111111111111111111 10000000000000000000000000000000
00000000000000000000000001111111 00000000000000000000000010000000
00000000000000000001000000000000 00000000000000000001000000000000
00100000000000000000000000000000 00100000000000000000000000000000
00000000000000000000010000000000 00000000000000000000010000000000
00000000000000000000001111111111 00000000000000000000010000000000
00000000000001111111111111111111 00000000000010000000000000000000
00000000000000000000000011111111 00000000000000000000000100000000
00000000000000000000000000000000 00000000000000000000000000000000
10000000000000000000000000000000 11111111111111111111111111111111
00001000000000000000000000000000 00001000000000000000000000000000
11111111111111111111111111111110 00000000000000000000000000000001
00000000000010000000000000000000 00000000000010000000000000000000
10000000000000000000000000000000 00000000000000010000000000000001
00000000000000000001111111111111 00000000000000000010000000000000
00000000000011111111111111111111 00000000000100000000000000000000
10000000000000000000000000000000 00000000000000000000000000100001
10000000000000000000000000000000 00000001000000000000000000000001
11111111111111111111111111111011 00000000000000000000000000000100
00000000000001000000000000000000 11111111111111111111111111111111
00000000000000000000100000000000 00000000000000000000100000000000
11111111101111111111111111111111 00000000010000000000000000000000
00000000000000000000000000111111 00000000000000000000000001000000
10000000000000000000000000000000 00000000000000100000000000000001
11111111111111111111111111111111 11111111111111111111111111111111
00000000000000000000000111111111 00000000000000000000001000000000
11111111111111111111111011111111 00000000000000000000000100000000
11101111111111111111111111111111 00010000000000000000000000000000
10000000000000000000000000000000 00000000000000000010000000000001
00000000000000000000000000001111 00000000000000000000000000010000
11111111111110111111111111111111 00000000000001000000000000000000
10000000000000000000000000000000 00000000100000000000000000000001
00000000000000000010000000000000 00000000000000000010000000000000
00000000000100000000000000000000 00000000000100000000000000000000
00000000000000111111111111111111 00000000000001000000000000000000
00000000010000000000000000000000 00000000010000000000000000000000
10000000000000000000000000000000 00000000000000000000000000010001
00000000000000000000001000000000 00000000000000000000001000000000
11111111111111111111111111011111 00000000000000000000000000100000
10000000000000000000000000000000 00000100000000000000000000000001
11011111111111111111111111111111 00100000000000000000000000000000
00000001000000000000000000000000 11111111111111111111111111111111
00000000000000000000000010000000 11111111111111111111111111111111
00000000000000000111111111111111 00000000000000001000000000000000
11111111111111011111111111111111 00000000000000100000000000000000
10000000000000000000000000000000 01000000000000000000000000000001
00000000000000010000000000000000 00000000000000010000000000000000
00000000000000000000000000000100 11111111111111111111111111111111
00000000000000000000000000000111 00000000000000000000000000001000
10000000000000000000000000000000 00000000000010000000000000000001
11111101111111111111111111111111 00000010000000000000000000000000
00011111111111111111111111111111 00100000000000000000000000000000
11111111111111111011111111111111 00000000000000000100000000000000
10000000000000000000000000000000 00000000000000000100000000000001
10000000000000000000000000000000 00000000000000000000000000001001
10000000000000000000000000000000 00000000000000000000010000000001
01000000000000000000000000000000 11111111111111111111111111111111
00000000000000000000000000000001 00000000000000000000000000000001
10000000000000000000000000000000 00000000000000000000000100000001
00000000001000000000000000000000 00000000001000000000000000000000
00000000000000000000001000000000 11111111111111111111111111111111
10000000000000000000000000000000 00000000000000000000000000000011
10000000000000000000000000000000 00000000000001000000000000000001
00000010000000000000000000000000 00000010000000000000000000000000
00000000000000000000010000000000 11111111111111111111111111111111
00000000000000000100000000000000 00000000000000000100000000000000
00001000000000000000000000000000 11111111111111111111111111111111
00000000000000000000000000000010 00000000000000000000000000000010
11111111111101111111111111111111 00000000000010000000000000000000
00000000000000010000000000000000 11111111111111111111111111111111
00000000010000000000000000000000 11111111111111111111111111111111
10111111111111111111111111111111 01000000000000000000000000000000
11111111111111110111111111111111 00000000000000001000000000000000
10000000000000000000000000000000 00000000000000000000000010000001
00000000000100000000000000000000 11111111111111111111111111111111
00000000100000000000000000000000 00000000100000000000000000000000
00000000000000000000000000000001 00000000000000000000000000000010
00111111111111111111111111111111 01000000000000000000000000000000
00000000000010000000000000000000 11111111111111111111111111111111
11111110111111111111111111111111 00000001000000000000000000000000
00000000000000000000000000100000 11111111111111111111111111111111
11111111111111111111101111111111 00000000000000000000010000000000
10000000000000000000000000000000 00000000000000000000000000000101
00000000000000001111111111111111 00000000000000010000000000000000
00000000000000000000000000000001 11111111111111111111111111111111
00000100000000000000000000000000 00000100000000000000000000000000
00000000000000000000000000001000 11111111111111111111111111111111
00000000000000000000000010000000 00000000000000000000000010000000